 	9


 	 	8

 	 	5

1 	4
3

 	6

1 	4
 	7


 	 	5

 	 	4

1 	 	3


2

 	6 	8



1
 	 	7
9 	 	8

 	 	6

 	 	2
 	 	8
 	 	7
 	 	3
 	 	5



9
 	 	4

6


 	2
 	3
8

7
5


 	 	6



 	4
 	2 	8
9
7



2 	8

6
 	 	3
 	 	8
 	 	3
 	 	4
6

 	 	7


9

1 	 	8

 	9 	4

 	5
 	2



 	5
 	9
3


8

6


 	 	7
1 	6



 	5
 	4 	9
1
4


7



 	2


 	9 	2
8 	 	6
4



 	5
 	 	3
 	 	5
8

 	9

6

7 	 	4
 	1


6



 	 	8
 	 	9

 	 	8
 	2 	5

 	3 	4

1

6

3
 	6
 	9
 	8

 	 	5

7
 	9

 	5

1


 	2
 	 	7



 	6 	9

 	5

1 	4

 	 	3
4 	 	1



 	9 	8

 	7
 	 	6

 	 	7

3
8



6 	 	2
 	 	3
 	4

7
 	 	1

 	9

 	8

9
 	6

 	 	6
 	5 	2
 	7



6


5
2
8 	9

3
2
5



 	8

 	 	6
4
 	 	4
 	1 	8


 	9
6


 	 	1
4


 	 	2

8
 	6

9


 	7 	3


9
 	5 	4
3


 	9
 	2
 	 	5

 	6 	4

7


5 	2

 	3

 	9


 	1

 	 	9

 	 	6


2 	 	5

8

 	 	4
8
 	1

 	 	2
 	 	3
 	9
 	7
 	2
 	5

 	 	8
4
 	 	9

7
 	6

9 	 	6

2

7
5
 	3



 	4
 	 	6


 	8

2