 	 	2

 	4 	3

 	7 	5

 	 	4

 	 	1
5


 	9




2 	 	3
8



1 	 	3
2
 	7

 	6
 	 	8
 	5 	4
 	7


1


 	 	6


9
 	4

 	 	6
5 	7
8



1

 	5
 	 	3

4
 	 	2

 	4

7 	6

 	2 	5

 	9

 	 	1


 	 	3



6 	 	7
2
2
7
5
 	1

 	 	9


 	8

7

2 	 	9

8 	5

 	4

 	8 	9
 	2

 	7

 	 	3


 	6


3


 	1
5
2 	 	8



1 	 	6
 	 	7
4




 	 	3

 	4

 	 	2
7 	 	9
1 	6



 	2
 	 	5


 	1
 	 	9
 	 	7
3
 	 	3

 	8


 	7
6
 	9 	1
 	 	2

 	 	8

 	 	1
9
6 	 	2

 	5


6
1
 	5


 	4


3 	9 	8
5






1 	 	6

 	7


2
4
 	8 	5

 	3
9
 	2

 	8

 	3

7

 	8

7


 	6
 	4
 	9


6
 	 	9


 	1 	4
 	 	7
 	 	3

5 	1
 	 	2


4
8 	 	9





5 	 	3
9


 	2 	7
 	 	6

1

 	2

 	7
 	6

8


 	7 	2

8 	 	5

 	1


3
7
8 	3



 	 	6


 	5

 	 	9
1
 	3
 	 	2

 	 	8

 	 	7
 	 	6



 	7
8 	9
9

 	1
9 	 	4

 	 	8

6
 	7

 	 	1



 	5
8
 	 	2
 	 	9


 	 	7
 	3


 	1

 	 	4

 	4
2 	8
9
 	5

8 	 	3

7

6

 	 	7
3



 	5


4
 	 	6
 	4


1
 	 	2
5 	 	8

 	 	7