4
 	 	6

1

 	5


9 	 	7
 	7

 	5

2 	 	4


 	3
1

2

 	7 	6



 	4
8
1
 	 	3

 	 	5

9 	 	8

6 	 	2
3

 	 	6
 	2
 	 	9


 	5


5

8

 	6


7
 	9
3

9

 	5

9
 	 	4

 	 	2



9 	 	3
1

8
3

 	 	5

8
 	4


 	 	2
 	7 	5

 	 	3

6 	 	1

 	 	5

 	7

8 	1
 	5



 	2


4 	6
2


 	7

 	9

5 	 	8
1

 	4
 	 	9
7

2 	 	8

1
 	6

 	 	2

 	1 	3



 	 	7

 	1

3 	5
4
 	5


 	 	9

7

 	 	1


 	 	2
 	6
4

 	 	2
 	9


6
8 	 	3
 	 	9



6
 	3

4

 	 	1

 	9 	2
2 	 	9


 	1
4


 	3

 	 	8
 	7

 	2



 	4 	3
5 	7

 	 	6

7 	 	3



2 	 	1


7
5


 	3
 	4

 	 	9

3 	8

9
4



 	 	5
6
 	1
 	9
 	7
 	5



4 	8
 	 	8

6 	2

7 	3


 	 	5
 	 	4
 	7


 	5

 	1

 	8
 	6

 	5

2

 	 	6
4
 	 	3

5 	 	6



 	2
 	7

 	1 	3


 	1

5

6 	 	8
 	 	2
 	 	7

 	2


 	9
4


5 	7

 	 	1
 	 	7



5 	 	3
8

4


4
 	1


 	 	8

3

 	6
5
 	8

 	 	4
2 	 	1
 	 	7

2

5

 	 	4
3 	 	8


 	 	7



 	5 	6
1 	2



4 	 	6
 	 	8

 	 	6


 	 	7

2 	1
