
7 	 	1


 	 	2


 	 	6
 	9

 	4 	9
 	 	8
 	 	3
6

5
 	 	1

3
2



9

7
 	8

5



8 	 	3

 	6


4
6

6 	1

 	 	2

3 	 	7

 	8 	2
 	3
 	5

 	 	7
 	8



 	 	6

3 	 	8

 	 	1

 	 	2

 	1 	4



 	7


 	 	6
 	 	3

 	8
7
 	5

 	6
4
1 	5

 	 	2




 	3 	1
6 	9
 	4

3

1 	5


 	 	8

 	6

 	 	6
7



9 	 	5

 	3
 	 	1
 	3
4


1 	8
 	2
9 	5




1

6 	 	5

 	7
 	3

 	 	5

 	6


 	 	7
 	 	8
 	 	1


 	 	2
 	 	4
6

7 	1

8 	3

 	 	3

4



9

 	 	7
 	9

7 	6
 	3 	8




 	 	1
 	6



 	8
5 	7
 	 	3
 	 	4


5 	 	8

4

 	 	2

7
 	 	6


 	2


 	 	6
5
8 	9

 	9



7 	 	8
 	 	1
 	 	4

 	 	6
 	 	8

 	6
 	 	2


7
8
 	5

 	 	7

 	6

 	4

1
 	 	9
 	 	8
 	7

5
9



6 	 	3

2
3
 	1
7


 	9



 	 	4
 	3
 	6 	2

9

 	7

 	4
 	9
3


 	7

 	 	5
1


 	6
 	 	9
 	5
 	3
1

7

3

 	1 	4


 	 	9
8


7 	 	8


 	 	2

9 	 	6

 	3
1

6 	9

 	2

4 	8

 	 	2
 	9


4
 	 	1


 	7
 	5




 	4

 	9
 	 	1

1 	 	4


 	8
7 	6
 	2

5
6

 	 	1
5 	 	9
2



 	 	8