0.0277775 0.17606 0.263758
0.0456922 0.174161 0.257017
0.0621103 0.173185 0.249861
0.0788714 0.171573 0.243019
0.0963937 0.170658 0.236
0.112496 0.168914 0.229464
0.127077 0.167531 0.223112
0.147396 0.165752 0.216267
0.161583 0.164594 0.208795
0.17758 0.162469 0.202352
0.199081 0.160589 0.195941
0.21119 0.159095 0.188486
0.23367 0.157325 0.182206
0.242754 0.155287 0.175842
0.258719 0.154155 0.169228
0.275427 0.15265 0.162296
0.292106 0.151784 0.155489
0.309297 0.150421 0.148885
0.326854 0.148629 0.142053
0.345598 0.147081 0.136045
0.361992 0.145751 0.128689
0.378092 0.144844 0.122337
0.395114 0.143084 0.116421
0.411214 0.141478 0.110019
0.427517 0.140255 0.103853
0.444135 0.13842 0.097822
0.460917 0.137019 0.0911516
0.479241 0.135233 0.0843611
0.494312 0.133979 0.0776729
0.511227 0.132115 0.0711619
0.528426 0.130276 0.0648454
0.54432 0.128431 0.0586477
0.561574 0.127335 0.0528532
0.57821 0.126267 0.0466148
0.59353 0.124972 0.0408923
0.608672 0.124226 0.034518
0.625335 0.123522 0.0283049
0.642083 0.122038 0.0222027
0.658665 0.120279 0.0159267
0.675445 0.119213 0.00998979
0.694482 0.118768 0.00358167
0.711114 0.117122 -0.00234495
0.727763 0.115828 -0.00772884
0.744525 0.114631 -0.0136382
0.759272 0.113788 -0.0194951
0.775604 0.112508 -0.0253943
0.792067 0.110704 -0.0318466
0.808785 0.10947 -0.0371763
0.82536 0.108318 -0.0431365
0.842044 0.107241 -0.0489364
0.863019 0.10573 -0.0547964
0.877771 0.104725 -0.0602902
0.894312 0.103676 -0.0654096
0.911107 0.102769 -0.0714396
0.928976 0.102199 -0.0768856
0.944137 0.101502 -0.082294
0.960873 0.100666 -0.0879592
0.978574 0.0992411 -0.0938481
0.994131 0.0985669 -0.099372
1.01081 0.0978632 -0.105081
1.02755 0.0971642 -0.110276
1.04427 0.0961307 -0.115868
1.06117 0.0950261 -0.12081
1.07752 0.0942606 -0.126351
1.09423 0.0933841 -0.1315
1.11082 0.0923265 -0.136147
1.12534 0.091746 -0.140933
1.14216 0.0900763 -0.146219
1.15899 0.0897147 -0.151729
1.17559 0.0883159 -0.156752
1.19198 0.0871281 -0.162143
1.21336 0.0866018 -0.167714
1.22803 0.0860935 -0.17275
1.24428 0.0843779 -0.177891
1.26093 0.0840248 -0.182451
1.27679 0.084036 -0.187911
1.29234 0.084018 -0.19283
1.30867 0.0831883 -0.197751
1.32534 0.0822866 -0.202439
1.34196 0.0822409 -0.207483
1.35849 0.0816758 -0.212315
1.37773 0.0814361 -0.217614
1.39436 0.0809181 -0.222735
1.41101 0.0806354 -0.227547
1.42784 0.080194 -0.23221
1.44493 0.079599 -0.236891
1.45867 0.0790023 -0.241794
1.47588 0.0780854 -0.246583
1.49202 0.0779653 -0.25136
1.50853 0.0775869 -0.255982