  -8.7661200e-01  -6.7447300e-02  -2.7489600e-03  -2.9401700e-01   7.5530600e-02  -5.8476100e-03   1.1807100e+00  -5.3654300e-03  -1.2225600e+00  -1.0556300e-03  -1.1146100e-03  -5.2421900e-01   2.3854000e-02   2.0262300e-03  -6.9812800e-01  -1.7537700e-02   1.2089900e-03   1.2358500e+00  -3.5240300e-03   1.2255400e+00
  -9.0445800e-01  -7.4882800e-02  -2.1010400e-03  -3.2469600e-01   8.7183900e-02  -3.3445300e-03   1.2332700e+00  -3.0757500e-03  -1.2239500e+00   1.4342600e-03  -4.2466400e-04  -5.4083300e-01   3.9578800e-03   1.5341000e-03  -6.7892200e-01   1.1688900e-03  -5.5150000e-03   1.2313200e+00  -1.8458600e-03   1.2250400e+00
  -9.3304000e-01  -8.3187100e-02  -8.4836000e-04  -3.6132500e-01   9.2718100e-02   3.5699200e-04   1.2845700e+00  -6.1861700e-04  -1.2248700e+00   1.9054400e-03   2.2591600e-04  -5.5517700e-01  -2.3024800e-02   6.1364400e-04  -6.5647100e-01   1.7098900e-02  -1.1411200e-02   1.2218100e+00  -2.9160600e-04   1.2237400e+00
  -9.6246500e-01  -9.2402900e-02   2.6074500e-05  -4.0359300e-01   9.2988800e-02   3.7911100e-03   1.3344000e+00   8.7535700e-04  -1.2251200e+00   1.0885700e-03   6.6207400e-04  -5.6818800e-01  -4.3242500e-02   1.8588500e-04  -6.3486100e-01   2.5893600e-02  -1.6603000e-02   1.2113100e+00   2.0378400e-04   1.2225800e+00
  -9.8276700e-01  -1.0274900e-01   5.5189200e-04  -4.5177400e-01   9.2898900e-02   5.7862800e-03   1.3881600e+00   2.0355900e-03  -1.2247500e+00   8.6177500e-04   7.7681800e-04  -5.8139200e-01  -4.5947600e-02   3.2870300e-05  -6.1349800e-01   2.7483900e-02  -2.0688500e-02   1.2016200e+00   6.6921400e-04   1.2220500e+00
  -9.8703100e-01  -1.1004400e-01   1.0483500e-03  -5.0218300e-01   9.4448700e-02   6.3505600e-03   1.4415700e+00   2.8819900e-03  -1.2239800e+00   7.2602400e-04   1.1995800e-03  -5.9694100e-01  -3.7232500e-02  -2.6517900e-05  -5.9333000e-01   2.4915900e-02  -2.3925100e-02   1.1956600e+00   7.1229500e-04   1.2222200e+00
  -9.6104400e-01  -1.1225800e-01   1.5319500e-03  -5.5286100e-01   9.7238700e-02   5.9547200e-03   1.4934100e+00   3.9502700e-03  -1.2234700e+00   1.0777200e-03   1.7609500e-03  -6.1510400e-01  -2.1983300e-02  -2.3041600e-05  -5.7315900e-01   2.0664800e-02  -2.5674300e-02   1.1934400e+00   8.6352100e-04   1.2225800e+00
  -9.3334400e-01  -1.0837100e-01   1.9508500e-03  -6.0345200e-01   9.8514500e-02   5.1638700e-03   1.5441800e+00   4.8486000e-03  -1.2237300e+00   1.4448900e-03   2.0154500e-03  -6.3707100e-01  -1.6891900e-02  -3.5185400e-05  -5.5399500e-01   1.7596500e-02  -2.5530400e-02   1.1973000e+00   1.0516300e-03   1.2227200e+00
  -9.0457100e-01  -1.0095400e-01   2.1339000e-03  -6.5389500e-01   9.5631700e-02   4.4021000e-03   1.5932700e+00   5.2649200e-03  -1.2243900e+00   1.6365700e-03   1.8974000e-03  -6.6084700e-01  -1.6833100e-02  -9.3041400e-05  -5.3372100e-01   1.2593100e-02  -2.4447500e-02   1.2026300e+00   1.2562200e-03   1.2225300e+00
  -8.7179300e-01  -9.1496000e-02   1.9897800e-03  -6.8819700e-01   8.8793500e-02   4.6440000e-03   1.6092100e+00   5.0594000e-03  -1.2248400e+00   1.0929400e-03   2.0588800e-03  -6.8281700e-01  -1.4784900e-02   1.0022200e-04  -5.0996100e-01   4.2224800e-03  -2.1029500e-02   1.2030600e+00   8.9152800e-04   1.2226400e+00
  -8.4097800e-01  -8.2007900e-02   5.4470600e-04  -7.1329900e-01   8.0639900e-02   4.7632900e-03   1.5849900e+00   1.4234900e-03  -1.2246700e+00  -1.6899700e-03   1.0835500e-03  -7.0148100e-01  -1.1179400e-02   1.2266200e-03  -4.9178900e-01  -6.0199800e-03  -1.7050300e-02   1.2014700e+00  -1.8315700e-03   1.2225600e+00
  -8.1154100e-01  -7.1536600e-02  -1.4427600e-03  -7.4108200e-01   7.1822600e-02   3.5286800e-03   1.5453300e+00  -2.0723700e-03  -1.2246900e+00  -2.0805100e-03  -4.7359800e-04  -7.1799000e-01  -6.2842900e-03   2.2516000e-03  -4.7516700e-01  -1.6808300e-02  -1.4231400e-02   1.1975000e+00  -3.2527700e-03   1.2226300e+00
  -7.8297800e-01  -5.9551000e-02  -1.6813300e-03  -7.6225100e-01   6.1705800e-02   1.4425900e-03   1.4952900e+00  -1.3280600e-03  -1.2247100e+00   1.3144900e-03  -1.2274100e-03  -7.3451300e-01   1.5716400e-03   1.3543800e-03  -4.4831500e-01  -2.8356300e-02  -1.2584000e-02   1.1869900e+00  -4.0906400e-04   1.2229200e+00
  -7.5504100e-01  -4.8122100e-02  -1.3046700e-04  -7.7491500e-01   5.1906200e-02  -2.3692500e-04   1.4435200e+00   1.5187600e-03  -1.2241700e+00   3.3677700e-03  -5.3543300e-04  -7.5302600e-01   1.2026500e-02  -6.6764300e-04  -4.1416000e-01  -3.9642200e-02  -1.1170800e-02   1.1745900e+00   3.1149600e-03   1.2230100e+00
  -7.2688000e-01  -2.5250300e-02   9.8388300e-04  -7.8538800e-01   4.3291600e-02  -1.2621200e-03   1.3932300e+00   2.3918300e-03  -1.2228700e+00   1.6891900e-03   2.9785600e-04  -7.7292100e-01   2.1945700e-02  -1.4729100e-03  -3.8293200e-01  -4.7362100e-02  -8.7020500e-03   1.1657800e+00   3.4713800e-03   1.2234400e+00
  -6.9865600e-01  -2.5289600e-03   9.8495300e-04  -7.9207600e-01   4.5266400e-02  -2.0170200e-03   1.3413700e+00   2.1985000e-03  -1.2221800e+00   3.7981300e-04   6.8878300e-04  -7.9279900e-01   2.6331000e-02  -8.9455700e-04  -3.5480500e-01  -4.7838900e-02  -5.3514500e-03   1.1591100e+00   2.2741400e-03   1.2238700e+00
  -6.2681800e-01   6.3461100e-03   1.8051500e-04  -7.9168400e-01   4.8602200e-02  -5.9806300e-03   1.3002400e+00  -9.0298500e-04  -1.2230500e+00  -1.8037100e-03  -1.3022000e-04  -8.1134500e-01   2.6915400e-02   1.5696700e-04  -3.3343500e-01  -4.6101500e-02  -2.3146700e-03   1.1553900e+00  -1.1338100e-03   1.2233000e+00
  -5.7838700e-01  -6.6803300e-03  -7.2853400e-04  -7.6160400e-01   4.8299000e-02  -9.6798900e-03   1.2692900e+00  -3.3055500e-05  -1.2246200e+00   1.2095100e-03   2.0866800e-04  -8.2412000e-01   2.3503200e-02   9.4594000e-04  -3.0438400e-01  -4.6658600e-02   1.2801600e-03   1.1406300e+00  -5.7586500e-04   1.2230100e+00
  -5.4020400e-01  -1.4285700e-02  -3.8965400e-04  -7.3217200e-01   4.3003500e-02  -7.6059900e-03   1.2415600e+00   2.8629500e-04  -1.2248800e+00   1.2280900e-03   6.3225900e-04  -8.3956900e-01   2.9514300e-02   7.6830800e-04  -2.7800200e-01  -5.3881700e-02   4.3858800e-03   1.1312400e+00  -7.1372500e-04   1.2222800e+00
  -5.1657200e-01  -1.0850800e-02  -9.0653700e-04  -7.1332400e-01   3.3311500e-02  -4.0475100e-03   1.2276400e+00  -1.4576400e-03  -1.2243000e+00  -9.7373500e-04   1.0464400e-03  -8.6254600e-01   4.1000000e-02   1.4978900e-03  -2.7282400e-01  -6.4795500e-02   4.3781700e-03   1.1449000e+00  -2.9382500e-03   1.2223500e+00
  -5.1945700e-01  -3.8953700e-03  -1.3688800e-03  -7.0127400e-01   2.1787100e-02   7.7898900e-04   1.2291700e+00  -2.2386300e-03  -1.2246500e+00  -1.0962400e-03   1.1210200e-03  -8.8812600e-01   5.2981000e-02   2.1792900e-03  -2.8705700e-01  -7.3716600e-02   3.6219100e-03   1.1817700e+00  -4.1030100e-03   1.2229200e+00
  -5.3907100e-01   6.4063900e-03  -1.3701800e-03  -6.8415800e-01   6.0611600e-03   6.5346200e-03   1.2299800e+00  -1.5690500e-03  -1.2250700e+00   6.6502600e-04   6.2679700e-04  -9.1684300e-01   6.4204800e-02   2.0797800e-03  -3.1728000e-01  -8.2609700e-02   1.8489400e-03   1.2344800e+00  -3.1666400e-03   1.2237600e+00
  -5.5565100e-01   2.6652500e-02  -7.5635800e-04  -6.6214000e-01  -1.0567100e-02   1.1833800e-02   1.2239600e+00  -3.9633200e-04  -1.2242400e+00   1.5647200e-03   1.1439300e-04  -9.4600800e-01   7.4602400e-02   1.1772000e-03  -3.5344600e-01  -8.7893000e-02  -6.6863400e-04   1.2865200e+00  -1.2553500e-03   1.2244500e+00
  -5.7049100e-01   4.7543100e-02  -3.8112700e-04  -6.4071500e-01  -2.2242600e-02   1.6008500e-02   1.2163700e+00  -1.1627500e-04  -1.2231400e+00   1.0544100e-03  -5.7994900e-04  -9.7450800e-01   8.3181400e-02   3.5402700e-04  -3.9465600e-01  -8.7314200e-02  -3.3721800e-03   1.3359200e+00   1.1522400e-04   1.2249200e+00
  -5.8542400e-01   6.0690600e-02  -3.3141800e-04  -6.1997500e-01  -2.7598600e-02   1.9916100e-02   1.2095800e+00   3.9178800e-05  -1.2222100e+00   7.7688300e-04  -7.3489100e-04  -9.9255100e-01   9.2981900e-02  -1.5205600e-04  -4.4126400e-01  -8.5982400e-02  -5.4750400e-03   1.3860900e+00   1.1432700e-03   1.2251000e+00
  -6.0140200e-01   6.0895300e-02  -1.8534900e-04  -5.9918800e-01  -2.6265600e-02   2.2958100e-02   1.2044700e+00   3.6902200e-04  -1.2219300e+00   9.6670300e-04  -9.6499000e-04  -9.9506000e-01   1.0052600e-01  -6.6919300e-04  -4.9232100e-01  -8.4760200e-02  -6.2053800e-03   1.4400200e+00   2.2082800e-03   1.2248300e+00
  -6.1908700e-01   4.9263900e-02   7.5470600e-05  -5.7686900e-01  -1.9801100e-02   2.4740500e-02   1.2009000e+00   9.7851100e-04  -1.2220600e+00   1.4358400e-03  -1.3488600e-03  -9.6689100e-01   1.0356000e-01  -1.3137400e-03  -5.4304300e-01  -8.4175600e-02  -5.9024800e-03   1.4915800e+00   3.5477200e-03   1.2243900e+00
  -6.3861700e-01   3.2497400e-02   1.6618300e-04  -5.5514000e-01  -1.0858800e-02   2.4961200e-02   1.2002600e+00   1.0588000e-03  -1.2224400e+00   1.2466700e-03  -1.6385800e-03  -9.3902100e-01   1.0120400e-01  -1.7525300e-03  -5.9459600e-01  -8.3631400e-02  -5.1932500e-03   1.5422200e+00   4.2289500e-03   1.2238500e+00
  -6.5907300e-01   1.8402200e-02  -2.0415700e-04  -5.3589500e-01  -2.8583200e-03   2.3224600e-02   1.2026300e+00   2.0598200e-04  -1.2228400e+00   5.9247600e-04  -1.9259900e-03  -9.1011400e-01   9.6432400e-02  -1.6887200e-03  -6.4735000e-01  -8.4471800e-02  -4.6285800e-03   1.5908500e+00   3.9055900e-03   1.2236300e+00
  -6.7928600e-01   6.0085400e-03  -4.8176000e-04  -5.1218800e-01   6.2058700e-03   2.0009000e-02   1.2016800e+00   2.2640600e-04  -1.2234200e+00   9.4479900e-04  -1.9728400e-03  -8.7722300e-01   8.5232200e-02  -1.5576600e-03  -6.8086500e-01  -8.0149200e-02  -4.2254200e-03   1.6037400e+00   4.1946500e-03   1.2238200e+00
  -6.9752300e-01  -4.1764900e-03  -1.1998700e-03  -4.9295900e-01   1.5317700e-02   1.6730500e-02   1.1998100e+00  -1.5534500e-03  -1.2234200e+00  -1.1694700e-03  -9.2704200e-04  -8.4645800e-01   7.3595700e-02  -4.7385000e-04  -7.0543100e-01  -7.3865200e-02  -3.8196400e-03   1.5787400e+00   1.4855200e-03   1.2236800e+00
  -7.1394900e-01  -1.3105400e-02  -2.2231900e-03  -4.7838000e-01   2.2746400e-02   1.4052000e-02   1.1977400e+00  -3.4138900e-03  -1.2234900e+00  -2.4067800e-03   1.7762500e-04  -8.1697000e-01   6.4663400e-02   1.3593000e-03  -7.3449500e-01  -6.9001900e-02  -3.0765800e-03   1.5391500e+00  -2.0417800e-03   1.2236000e+00
  -7.2997500e-01  -2.3710400e-02  -1.6604200e-03  -4.5401500e-01   2.9944400e-02   1.2281000e-02   1.1887100e+00  -8.9408300e-04  -1.2238900e+00   9.5583400e-04   7.9541800e-04  -7.8848100e-01   5.2693300e-02   1.7552600e-03  -7.5830100e-01  -6.0590800e-02  -1.4491300e-03   1.4897500e+00  -1.3116900e-03   1.2237300e+00
  -7.4846700e-01  -3.0541200e-02   5.8068500e-04  -4.1993200e-01   3.7333700e-02   9.9174300e-03   1.1770000e+00   3.1819700e-03  -1.2233200e+00   3.7683500e-03   2.5668400e-04  -7.6066400e-01   4.0182600e-02   7.7198300e-06  -7.7243800e-01  -4.7455900e-02  -1.7928400e-04   1.4382800e+00   2.1291000e-03   1.2240700e+00
  -7.6940100e-01  -3.4185400e-02   1.8671900e-03  -3.8726000e-01   4.4960400e-02   6.8114800e-03   1.1692500e+00   4.3405000e-03  -1.2232000e+00   2.4950800e-03  -4.4167600e-04  -7.3272800e-01   3.2181100e-02  -1.4401200e-03  -7.8325400e-01  -3.2862600e-02   7.8519200e-04   1.3878900e+00   3.6499100e-03   1.2234400e+00
  -7.8883300e-01  -4.1227700e-02   1.2638200e-03  -3.6378800e-01   5.2277800e-02   5.6561500e-03   1.1653600e+00   1.7242300e-03  -1.2230200e+00  -1.2069400e-03   1.2533200e-03  -6.5834500e-01   2.0015200e-02  -6.7545000e-04  -7.8188800e-01  -2.5338300e-02  -6.9022100e-03   1.3436200e+00   1.5148200e-04   1.2234300e+00
  -8.0405100e-01  -4.9156100e-02   5.9845000e-05  -3.4055500e-01   5.7216400e-02   8.7726500e-03   1.1559100e+00   9.7252600e-04  -1.2239800e+00  -1.0785500e-03   3.4370000e-03  -6.0921000e-01   9.0060400e-04   1.8699500e-03  -7.6113700e-01  -2.2055200e-02  -1.5292500e-02   1.3106900e+00  -3.2600400e-03   1.2235100e+00
  -8.1757000e-01  -5.4885400e-02   8.3430300e-05  -3.0995200e-01   5.8296900e-02   1.2605900e-02   1.1395800e+00   1.7662200e-03  -1.2245100e+00   1.0321500e-03   2.2654200e-03  -5.6040700e-01  -5.7103400e-03   2.4205500e-03  -7.3467500e-01  -2.2280600e-02  -1.3430100e-02   1.2787100e+00  -3.0305000e-03   1.2231100e+00
  -8.3091100e-01  -6.0508200e-02  -7.6559700e-05  -2.8454300e-01   6.0226500e-02   1.4415400e-02   1.1274800e+00  -2.9236000e-04  -1.2238300e+00  -6.4342000e-05   1.0878700e-04  -5.3773200e-01  -9.3695400e-03   1.8554400e-03  -7.1491100e-01  -2.1114500e-02  -1.0337900e-02   1.2625400e+00  -3.2711600e-03   1.2237000e+00
  -8.5795800e-01  -6.4593500e-02  -1.6154700e-03  -2.8261300e-01   6.6142400e-02   9.5958500e-03   1.1399200e+00  -3.9951000e-03  -1.2238400e+00  -1.2687000e-03  -1.2521500e-03  -5.5165500e-01  -1.4363600e-02   2.2599100e-03  -7.0379200e-01  -1.3733200e-02  -8.4795200e-03   1.2611100e+00  -4.5497600e-03   1.2243900e+00
  -8.8159600e-01  -7.0578800e-02  -2.6945800e-03  -3.0297300e-01   7.4991100e-02   4.3704800e-03   1.1818800e+00  -5.5371300e-03  -1.2239000e+00  -3.4263500e-04  -1.4591300e-03  -5.5835700e-01  -2.0732200e-02   2.2450900e-03  -6.8887800e-01  -2.5751500e-03  -8.0883600e-03   1.2487600e+00  -4.1418300e-03   1.2245400e+00
  -9.0820500e-01  -7.7798900e-02  -2.4582900e-03  -3.3327800e-01   8.4374500e-02   1.9161100e-03   1.2334300e+00  -4.3560700e-03  -1.2239900e+00   1.0907900e-03  -8.3995300e-04  -5.6116000e-01  -2.8589900e-02   1.4445900e-03  -6.6831800e-01   1.0413300e-02  -7.6289200e-03   1.2284000e+00  -2.1957700e-03   1.2243200e+00
  -9.3762200e-01  -8.5807600e-02  -1.7230100e-03  -3.7115500e-01   9.1650500e-02   1.5644500e-03   1.2853900e+00  -2.7302800e-03  -1.2241300e+00   1.1923400e-03  -5.1564200e-04  -5.6468900e-01  -4.1690100e-02   5.5674900e-04  -6.4883400e-01   2.2955600e-02  -7.2941700e-03   1.2097000e+00  -4.7749400e-04   1.2234200e+00
  -9.6603400e-01  -9.4483800e-02  -7.4933500e-04  -4.1217300e-01   9.5483100e-02   2.1274300e-03   1.3354500e+00  -5.3152100e-04  -1.2244500e+00   1.5074000e-03  -5.6676400e-04  -5.7197100e-01  -5.5692400e-02  -4.0670900e-04  -6.3047500e-01   3.1535500e-02  -7.5734700e-03   1.1970800e+00   1.5811700e-03   1.2224200e+00
  -9.9239300e-01  -1.0200500e-01   1.6540700e-04  -4.5794000e-01   9.6989700e-02   2.7560300e-03   1.3868800e+00   1.0994900e-03  -1.2244100e+00   1.3758000e-03  -6.1626700e-04  -5.8307700e-01  -6.3151500e-02  -1.1886000e-03  -6.1388200e-01   3.5010300e-02  -8.4592300e-03   1.1906500e+00   2.9201100e-03   1.2219300e+00
  -9.8832900e-01  -1.0853200e-01   9.3130500e-04  -5.0745200e-01   9.8828500e-02   2.7739200e-03   1.4413900e+00   2.7746200e-03  -1.2240600e+00   1.8490200e-03  -6.7393100e-04  -5.9802400e-01  -5.6580000e-02  -1.7866100e-03  -5.9562000e-01   3.3464000e-02  -1.0446000e-02   1.1882400e+00   4.3171300e-03   1.2219200e+00
  -9.6695700e-01  -1.1066300e-01   1.6486900e-03  -5.5701200e-01   1.0061400e-01   2.5850000e-03   1.4946200e+00   4.1964200e-03  -1.2236700e+00   2.0486900e-03  -2.3578000e-04  -6.1701000e-01  -4.3447300e-02  -2.1537000e-03  -5.7632500e-01   2.9737100e-02  -1.1841000e-02   1.1902300e+00   5.0543400e-03   1.2223200e+00
  -9.3953600e-01  -1.0759500e-01   1.8988000e-03  -6.0651400e-01   1.0101900e-01   2.4345500e-03   1.5442800e+00   4.6467700e-03  -1.2235100e+00   1.6391700e-03   2.8546400e-04  -6.3895100e-01  -3.2586800e-02  -1.9209400e-03  -5.5745400e-01   2.6123300e-02  -1.2795800e-02   1.1963700e+00   4.5904500e-03   1.2228300e+00
  -9.1085200e-01  -1.0041200e-01   1.7492000e-03  -6.5677200e-01   9.7728800e-02   2.1836700e-03   1.5922400e+00   4.4543100e-03  -1.2241300e+00   1.4464400e-03   5.1204200e-04  -6.6296600e-01  -3.0160300e-02  -1.3482100e-03  -5.3795700e-01   2.2513100e-02  -1.3295100e-02   1.2045800e+00   3.6162500e-03   1.2227700e+00
  -8.7820300e-01  -9.1102800e-02   1.4451800e-03  -6.9137900e-01   9.0329900e-02   2.9078200e-03   1.6082300e+00   4.1003100e-03  -1.2246000e+00   1.0489600e-03   1.0961100e-03  -6.8531900e-01  -2.5855300e-02  -5.9455900e-04  -5.1404800e-01   1.6104600e-02  -1.2519300e-02   1.2072000e+00   2.2830800e-03   1.2230200e+00
  -8.4745800e-01  -8.2392400e-02   3.3288400e-05  -7.1705600e-01   8.2034600e-02   3.6508400e-03   1.5845900e+00   5.6051200e-04  -1.2244800e+00  -1.7249300e-03   6.6012200e-04  -7.0379800e-01  -2.0710600e-02   1.0139900e-03  -4.9553100e-01   8.4722900e-03  -1.1378500e-02   1.2070500e+00  -1.3875700e-03   1.2229500e+00
  -8.1811100e-01  -7.0827600e-02  -1.6525100e-03  -7.4380800e-01   7.0903800e-02   2.7594700e-03   1.5447200e+00  -2.2060000e-03  -1.2246300e+00  -1.7205100e-03  -5.4617300e-04  -7.2022900e-01  -1.4026200e-02   2.1966300e-03  -4.7638200e-01  -9.1157500e-04  -1.1479900e-02   1.2030300e+00  -2.9888400e-03   1.2229400e+00
  -7.9027100e-01  -5.9645200e-02  -1.7357600e-03  -7.6555000e-01   5.9451700e-02   1.2083100e-03   1.4956200e+00  -1.4283800e-03  -1.2246200e+00   9.9909400e-04  -7.6085100e-04  -7.3623400e-01  -6.2092100e-03   1.6410000e-03  -4.4897900e-01  -1.1210900e-02  -1.2215200e-02   1.1928600e+00  -1.1112100e-03   1.2230100e+00
  -7.6249300e-01  -4.1774800e-02  -3.2790600e-04  -7.8015400e-01   4.6501200e-02  -3.7135600e-04   1.4443200e+00   9.6727100e-04  -1.2241800e+00   2.3891700e-03   6.4112600e-05  -7.5334100e-01   2.7026700e-03   1.2036200e-04  -4.1587100e-01  -2.2469000e-02  -1.2143600e-02   1.1807700e+00   1.3489200e-03   1.2228900e+00
  -7.3369000e-01  -2.3247900e-02   6.9728800e-04  -7.9154800e-01   3.9853900e-02  -1.2058400e-03   1.3926400e+00   2.0986700e-03  -1.2232000e+00   1.2218700e-03   9.3975000e-04  -7.7142900e-01   1.0650500e-02  -4.4447700e-04  -3.8541400e-01  -3.0874600e-02  -1.0542900e-02   1.1717100e+00   1.6211200e-03   1.2232500e+00
  -7.0633700e-01  -9.6202100e-03   6.5699400e-04  -8.0221500e-01   4.0114600e-02  -1.2557200e-03   1.3419600e+00   1.3060300e-03  -1.2227700e+00  -6.8514500e-04   1.3484000e-03  -7.9022600e-01   1.7453500e-02   1.8417300e-04  -3.6176200e-01  -3.6368100e-02  -7.6441400e-03   1.1678600e+00  -2.3104200e-04   1.2233400e+00
  -6.1568600e-01  -9.0138700e-03  -1.2625400e-04  -7.8924500e-01   3.8253900e-02  -8.1256300e-03   1.3049000e+00  -1.3205900e-04  -1.2234800e+00  -2.1316000e-04   8.6497500e-05  -8.0637800e-01   2.3584400e-02   8.5772200e-04  -3.3843000e-01  -3.9653000e-02  -5.4082800e-03   1.1617100e+00  -1.1633100e-03   1.2238400e+00
  -5.7297200e-01  -1.6640700e-02  -1.2019500e-04  -7.5763100e-01   3.6945200e-02  -8.6384600e-03   1.2738300e+00   1.5113300e-03  -1.2239500e+00   1.9211100e-03   6.4960800e-04  -8.1878300e-01   2.9541600e-02   7.6656200e-04  -3.0775500e-01  -4.2471700e-02  -2.1044600e-03   1.1467100e+00   1.7432700e-04   1.2239100e+00
  -5.3707700e-01  -2.0785200e-02   4.5836300e-06  -7.2993200e-01   3.3130500e-02  -6.5075300e-03   1.2484900e+00   6.3984900e-04  -1.2241200e+00   4.4640500e-04   5.2623700e-04  -8.3208500e-01   3.7807800e-02   5.3862400e-04  -2.8175700e-01  -4.8331800e-02   9.6950900e-04   1.1357100e+00  -5.2994000e-04   1.2228100e+00
  -5.1868200e-01  -2.1666700e-02  -1.0785000e-03  -7.1390200e-01   2.5186700e-02  -3.0024500e-03   1.2371800e+00  -1.8488500e-03  -1.2239700e+00  -1.7956700e-03   1.0725000e-03  -8.5767200e-01   4.8098900e-02   1.6295700e-03  -2.7701600e-01  -5.9466600e-02   2.2519000e-03   1.1501000e+00  -3.2814900e-03   1.2225100e+00
  -5.1705800e-01  -1.8241200e-02  -1.5857600e-03  -7.0136500e-01   1.3373500e-02   2.0196300e-03   1.2351100e+00  -2.1999800e-03  -1.2245600e+00  -1.0707000e-03   1.6146900e-03  -8.8090000e-01   5.8342900e-02   2.4829100e-03  -2.9421500e-01  -7.1443600e-02   2.9349600e-03   1.1928300e+00  -4.3407900e-03   1.2228600e+00
  -5.3567400e-01  -9.3334700e-03  -1.2187700e-03  -6.8340300e-01  -2.9277800e-03   7.8172400e-03   1.2349300e+00  -1.1522000e-03  -1.2250300e+00   8.8101900e-04   8.0902100e-04  -9.0890400e-01   6.7030300e-02   2.0116500e-03  -3.2254400e-01  -8.2618900e-02   1.8786500e-03   1.2439800e+00  -2.9284000e-03   1.2236100e+00
  -5.5119700e-01   1.0871200e-02  -6.4459200e-04  -6.6237800e-01  -2.0085100e-02   1.2867000e-02   1.2290900e+00  -1.1676300e-04  -1.2242100e+00   1.4513800e-03   1.0554800e-04  -9.3752700e-01   7.5351600e-02   1.1058300e-03  -3.5827300e-01  -8.9163500e-02  -2.6935900e-04   1.2953900e+00  -1.0286600e-03   1.2243900e+00
  -5.6594200e-01   3.2516100e-02  -2.3226900e-04  -6.4064900e-01  -3.2683200e-02   1.7276700e-02   1.2218600e+00   5.1928800e-04  -1.2229800e+00   1.2018100e-03  -3.8304000e-04  -9.6705300e-01   8.4514000e-02   2.6223000e-04  -3.9914700e-01  -9.0589500e-02  -2.8139900e-03   1.3451000e+00   5.8958400e-04   1.2250500e+00
  -5.8080800e-01   4.3060100e-02  -1.8756100e-05  -6.1912500e-01  -3.7709100e-02   2.1371800e-02   1.2150000e+00   8.5259000e-04  -1.2221500e+00   9.2283500e-04  -5.3226100e-04  -9.9104400e-01   9.3810000e-02  -3.1860200e-04  -4.4732200e-01  -8.9153300e-02  -4.7660800e-03   1.3998600e+00   1.6915900e-03   1.2251500e+00
  -5.9683100e-01   3.8977900e-02   1.3278900e-04  -5.9679400e-01  -3.5850500e-02   2.4461700e-02   1.2092600e+00   1.1598300e-03  -1.2219400e+00   1.0159000e-03  -8.9299700e-04  -9.8784800e-01   1.0081600e-01  -8.7180000e-04  -4.9816600e-01  -8.7303200e-02  -5.6611600e-03   1.4553500e+00   2.7929400e-03   1.2248000e+00
  -6.1407400e-01   2.5665600e-02   1.2621900e-04  -5.7481300e-01  -3.0556200e-02   2.4816200e-02   1.2057000e+00   1.1346000e-03  -1.2221000e+00   9.6288000e-04  -1.3122800e-03  -9.6676200e-01   1.0342700e-01  -1.3106100e-03  -5.4918700e-01  -8.6068900e-02  -5.6448300e-03   1.5081000e+00   3.5797900e-03   1.2243000e+00
  -6.3345400e-01   8.7057300e-03  -8.0777000e-05  -5.5412900e-01  -2.2997500e-02   2.4777900e-02   1.2053800e+00   7.0358600e-04  -1.2226000e+00   6.7532000e-04  -1.4679300e-03  -9.3965000e-01   1.0108900e-01  -1.4116200e-03  -6.0116300e-01  -8.5190700e-02  -4.9581900e-03   1.5588300e+00   3.6552700e-03   1.2237600e+00
  -6.5539700e-01   5.7947500e-03  -2.9429700e-04  -5.3375600e-01  -1.7108200e-02   2.4230400e-02   1.2090700e+00   6.0251000e-04  -1.2227700e+00   1.0039300e-03  -1.5758300e-03  -9.1040700e-01   9.3682100e-02  -1.4062300e-03  -6.5004500e-01  -8.2564600e-02  -4.2524800e-03   1.6025000e+00   3.8951900e-03   1.2241700e+00
  -6.7613000e-01   2.1100600e-03  -4.4659700e-04  -5.0998300e-01  -8.3395200e-03   2.2031000e-02   1.2082400e+00   3.4542900e-04  -1.2228400e+00   6.9342000e-04  -1.6230200e-03  -8.7755800e-01   8.3871200e-02  -1.3001900e-03  -6.8197800e-01  -7.6664100e-02  -4.2669900e-03   1.6105800e+00   3.7638800e-03   1.2246000e+00
  -6.9374200e-01  -2.8666500e-03  -1.4679200e-03  -4.9231400e-01   1.8548300e-03   1.9575200e-02   1.2060400e+00  -2.0988700e-03  -1.2227200e+00  -1.8712500e-03  -7.3942300e-04  -8.4702600e-01   7.4518500e-02   4.8747700e-05  -7.0802700e-01  -7.0240600e-02  -4.1621500e-03   1.5836400e+00   4.7303100e-04   1.2244900e+00
  -7.0983900e-01  -9.0258400e-03  -2.2203400e-03  -4.7446600e-01   1.2547100e-02   1.8152100e-02   1.2008300e+00  -2.8904100e-03  -1.2228700e+00  -1.8162800e-03   5.0744000e-04  -8.1773600e-01   6.3720700e-02   1.6224700e-03  -7.3617500e-01  -6.2586800e-02  -2.9841800e-03   1.5425800e+00  -2.0649000e-03   1.2244600e+00
  -7.2587200e-01  -1.6126000e-02  -1.2964400e-03  -4.4756000e-01   2.3149900e-02   1.7422900e-02   1.1894600e+00  -3.2701200e-04  -1.2230500e+00   1.1169800e-03   8.3528300e-04  -7.8992600e-01   5.2153000e-02   1.5456100e-03  -7.6000200e-01  -5.3971200e-02  -1.4426900e-03   1.4938400e+00  -1.0187200e-03   1.2243800e+00
  -7.4327100e-01  -2.4040500e-02   4.2929100e-04  -4.1486800e-01   3.3855600e-02   1.5915900e-02   1.1765700e+00   2.4919800e-03  -1.2228600e+00   2.7039400e-03   8.2869400e-05  -7.6205100e-01   3.3220900e-02   2.3216400e-05  -7.7659300e-01  -4.2894300e-02  -2.1716900e-04   1.4429600e+00   1.6032000e-03   1.2240500e+00
  -7.6198100e-01  -3.0923400e-02   1.1717200e-03  -3.8398200e-01   4.1499900e-02   1.2818500e-02   1.1668700e+00   2.9579800e-03  -1.2233000e+00   1.7225600e-03  -9.3045000e-04  -7.3398700e-01   1.2829400e-02  -1.2080700e-03  -7.8862000e-01  -3.7134300e-02   6.9518800e-04   1.3916300e+00   3.0074700e-03   1.2229600e+00
  -7.8238000e-01  -3.6572400e-02   9.3489600e-04  -3.5508600e-01   4.5936700e-02   8.6666500e-03   1.1607100e+00   2.3474800e-03  -1.2234500e+00   8.9629200e-04  -1.0341500e-03  -7.0047900e-01   9.3523600e-03  -1.5280600e-03  -7.9507200e-01  -3.7651200e-02   1.0935900e-03   1.3391500e+00   3.3359700e-03   1.2226300e+00
  -8.0043000e-01  -4.1211700e-02  -1.7649100e-05  -3.3271000e-01   4.7549800e-02   5.3894900e-03   1.1562000e+00  -3.1990900e-04  -1.2239400e+00  -9.1149500e-04   8.0980600e-05  -6.0234300e-01   2.0423800e-03  -5.5122500e-04  -7.8244300e-01  -3.6402100e-02   8.1960400e-03   1.3012000e+00   4.1722000e-04   1.2229300e+00
  -8.1413600e-01  -4.4504000e-02  -9.1312200e-04  -3.0559100e-01   4.6870900e-02   1.3534700e-03   1.1435700e+00  -7.6414600e-04  -1.2242200e+00   4.8125900e-04  -4.1978800e-04  -5.5127300e-01   1.0152000e-02   3.3789200e-04  -7.5281800e-01  -3.7785800e-02   1.0239000e-02   1.2688800e+00   2.4549100e-04   1.2233100e+00
  -8.2800900e-01  -5.1365000e-02  -1.2256800e-03  -2.8149800e-01   5.1204200e-02  -2.2423700e-03   1.1331000e+00  -1.8669000e-03  -1.2226400e+00  -5.6166600e-05  -5.3016600e-04  -5.1827100e-01   1.6894500e-02   7.1689500e-04  -7.2627400e-01  -3.5558600e-02   9.5164700e-03   1.2448000e+00  -7.5420300e-04   1.2242800e+00
  -8.4580400e-01  -5.9335900e-02  -1.8332300e-03  -2.6531900e-01   5.9251900e-02  -6.1721000e-03   1.1297700e+00  -3.5967000e-03  -1.2224800e+00  -1.4216700e-03  -4.1587500e-04  -5.0343800e-01   2.4910100e-02   1.4034900e-03  -7.0768100e-01  -2.9959700e-02   6.9773800e-03   1.2319400e+00  -2.6223200e-03   1.2242800e+00
  -8.7297900e-01  -6.9009000e-02  -3.0993000e-03  -2.8573700e-01   7.4015700e-02  -6.2836700e-03   1.1683700e+00  -6.3191100e-03  -1.2227700e+00  -2.1090700e-03  -1.0849700e-03  -5.2102600e-01   1.9051100e-02   2.6301500e-03  -7.0136800e-01  -1.5339300e-02   1.0494300e-03   1.2367200e+00  -4.9110200e-03   1.2252400e+00
  -9.0117800e-01  -7.6209800e-02  -2.6196600e-03  -3.1671300e-01   8.5560500e-02  -3.7519500e-03   1.2205100e+00  -3.8394600e-03  -1.2240400e+00   1.5027500e-03  -8.5848500e-04  -5.3615900e-01   1.5260700e-03   1.9845000e-03  -6.8234300e-01   1.9224100e-03  -5.1536900e-03   1.2305900e+00  -2.3959000e-03   1.2249700e+00
  -9.2976700e-01  -8.4134000e-02  -1.0140700e-03  -3.5279300e-01   9.1918300e-02  -1.2692600e-04   1.2718700e+00  -7.3974700e-04  -1.2247600e+00   2.4954500e-03  -2.5179000e-04  -5.4973100e-01  -2.2481500e-02   4.6588700e-04  -6.5846500e-01   1.6948500e-02  -1.0925800e-02   1.2196000e+00   2.3215900e-04   1.2237800e+00
  -9.5915700e-01  -9.3163700e-02   1.2383100e-04  -3.9470200e-01   9.3339100e-02   3.4957600e-03   1.3221000e+00   1.1491300e-03  -1.2249800e+00   1.4789000e-03   3.3359300e-04  -5.6311200e-01  -4.1825400e-02  -3.3655800e-04  -6.3609100e-01   2.5520300e-02  -1.6122400e-02   1.2094200e+00   1.2940000e-03   1.2225600e+00
  -9.8210200e-01  -1.0240900e-01   6.1243300e-04  -4.4228600e-01   9.3439600e-02   5.6143700e-03   1.3735100e+00   1.9576100e-03  -1.2246500e+00   4.8962400e-04   6.4584300e-04  -5.7733200e-01  -4.7873100e-02  -3.7087100e-04  -6.1632100e-01   2.7800100e-02  -1.9822800e-02   1.2019100e+00   1.2487000e-03   1.2220200e+00
  -9.8559700e-01  -1.0963200e-01   1.0123300e-03  -4.9348000e-01   9.4953200e-02   5.7399400e-03   1.4288000e+00   2.9538100e-03  -1.2240400e+00   8.7560400e-04   6.9610000e-04  -5.9284700e-01  -3.8117600e-02  -4.2907800e-04  -5.9582600e-01   2.5007000e-02  -2.1691400e-02   1.1964200e+00   1.6738000e-03   1.2221600e+00
  -9.6877900e-01  -1.1214600e-01   1.5212600e-03  -5.4453300e-01   9.8044700e-02   5.5066300e-03   1.4821500e+00   4.0150100e-03  -1.2235000e+00   1.1867600e-03   1.4769000e-03  -6.1174600e-01  -2.3086500e-02  -4.1326900e-04  -5.7506300e-01   2.0729100e-02  -2.4265600e-02   1.1948400e+00   1.6769800e-03   1.2226100e+00
  -9.4277200e-01  -1.0852400e-01   1.8650600e-03  -5.9539500e-01   9.9442800e-02   4.9405800e-03   1.5331400e+00   4.7348800e-03  -1.2238000e+00   1.3555400e-03   1.9362600e-03  -6.3414700e-01  -1.8560500e-02  -1.9951300e-04  -5.5589400e-01   1.7785400e-02  -2.4809600e-02   1.1992600e+00   1.3894200e-03   1.2227400e+00
  -9.1432000e-01  -1.0052000e-01   2.0442300e-03  -6.4652500e-01   9.5974100e-02   4.1992500e-03   1.5835900e+00   5.1577900e-03  -1.2243500e+00   1.6096200e-03   1.8316400e-03  -6.5820000e-01  -1.8116500e-02  -1.2542400e-04  -5.3496300e-01   1.2650400e-02  -2.4360300e-02   1.2045400e+00   1.3864900e-03   1.2225900e+00
  -8.8145200e-01  -9.0713200e-02   1.9830900e-03  -6.8032600e-01   8.8526300e-02   4.6020600e-03   1.5993700e+00   5.0909800e-03  -1.2247600e+00   1.0674200e-03   2.1052000e-03  -6.8056300e-01  -1.5718500e-02   1.1406200e-04  -5.1006600e-01   4.2364500e-03  -2.1517100e-02   1.2046500e+00   9.0359200e-04   1.2227100e+00
  -8.5052100e-01  -8.0549700e-02   5.7222600e-04  -7.0547800e-01   7.9376600e-02   4.7655700e-03   1.5760100e+00   1.5685000e-03  -1.2246100e+00  -1.7072400e-03   1.1717500e-03  -6.9980000e-01  -1.1680300e-02   1.2853300e-03  -4.9077200e-01  -6.2238900e-03  -1.8036600e-02   1.2028600e+00  -1.8645900e-03   1.2226300e+00
  -8.2108900e-01  -6.9849400e-02  -1.3242000e-03  -7.3272100e-01   6.9923200e-02   3.5829600e-03   1.5365500e+00  -1.7616400e-03  -1.2246200e+00  -2.0342900e-03  -3.4524800e-04  -7.1677600e-01  -6.2787700e-03   2.2778600e-03  -4.7244500e-01  -1.7149400e-02  -1.5593800e-02   1.1982100e+00  -3.2287500e-03   1.2227400e+00
  -7.9251600e-01  -5.9853600e-02  -2.0679200e-03  -7.5891700e-01   6.1302700e-02   1.9475600e-03   1.4885900e+00  -2.2960200e-03  -1.2246300e+00   1.3158000e-04  -9.8271400e-04  -7.3276400e-01   7.8809000e-04   1.9774500e-03  -4.4924400e-01  -2.7652900e-02  -1.4197700e-02   1.1889100e+00  -1.8336900e-03   1.2228900e+00
  -7.6537500e-01  -4.9932100e-02  -8.1522100e-04  -7.7637400e-01   5.2903400e-02   5.3937500e-04   1.4380900e+00   2.7376300e-04  -1.2242800e+00   2.6797300e-03  -3.9983200e-04  -7.5004600e-01   8.2744900e-03   2.6155100e-04  -4.1795500e-01  -3.7780000e-02  -1.2845400e-02   1.1765200e+00   1.4229100e-03   1.2229300e+00
  -7.3715700e-01  -3.0061100e-02   9.1302800e-04  -7.8565600e-01   4.3888000e-02  -8.8516400e-04   1.3865800e+00   2.7225000e-03  -1.2232400e+00   2.6861600e-03   4.7702800e-04  -7.6927800e-01   1.6462700e-02  -1.2070700e-03  -3.8413400e-01  -4.6086000e-02  -1.0315100e-02   1.1651700e+00   3.3644400e-03   1.2232600e+00
  -7.0897600e-01  -6.9316500e-03   1.3640600e-03  -7.9248600e-01   4.3746800e-02  -1.7218700e-03   1.3348100e+00   2.7343800e-03  -1.2222900e+00   6.2663900e-04   1.0393600e-03  -7.8925400e-01   2.1914000e-02  -1.0147900e-03  -3.5666500e-01  -4.8294300e-02  -6.6101200e-03   1.1591000e+00   2.2589800e-03   1.2237300e+00
  -6.2579000e-01  -3.3397700e-03   6.1631300e-04  -7.8496200e-01   4.6323700e-02  -7.2939100e-03   1.2967000e+00   8.0957400e-04  -1.2232100e+00  -4.4458700e-04  -5.6979400e-05  -8.0664600e-01   2.0103500e-02  -2.1674600e-04  -3.3119700e-01  -4.6482500e-02  -3.0333400e-03   1.1515100e+00   3.5302300e-04   1.2235000e+00
  -5.7940400e-01  -1.1531800e-02  -6.5798300e-04  -7.6052200e-01   4.6927400e-02  -9.0548100e-03   1.2682700e+00  -2.1824900e-04  -1.2237600e+00  -8.1248400e-05   5.6273900e-04  -8.2069200e-01   2.1200900e-02   1.0629500e-03  -3.0840000e-01  -4.6259900e-02   1.0827800e-03   1.1420200e+00  -1.0998400e-03   1.2238500e+00
  -5.3413400e-01  -1.7948400e-02  -9.2906900e-04  -7.3339600e-01   4.6155400e-02  -7.4416700e-03   1.2387900e+00  -5.6858500e-04  -1.2247800e+00   5.1150700e-04   4.7292500e-04  -8.3477800e-01   2.7722700e-02   1.3484700e-03  -2.8424900e-01  -4.8862900e-02   4.7007400e-03   1.1317900e+00  -1.5379100e-03   1.2226900e+00
  -5.1062100e-01  -1.8983800e-02  -1.1152700e-03  -7.1184300e-01   3.8405700e-02  -4.6320300e-03   1.2214700e+00  -1.4234600e-03  -1.2246100e+00  -3.6594000e-04   9.8867600e-04  -8.5891700e-01   4.1930000e-02   1.5809900e-03  -2.7722300e-01  -5.9440700e-02   5.5726400e-03   1.1435900e+00  -2.7666600e-03   1.2222000e+00
  -5.1554400e-01  -1.3825300e-02  -1.2616300e-03  -6.9772300e-01   2.5282400e-02   4.8521200e-04   1.2207100e+00  -1.7475100e-03  -1.2250600e+00  -5.6088300e-04   1.4239700e-03  -8.8239700e-01   5.5628800e-02   2.0524200e-03  -2.9667300e-01  -7.1927300e-02   4.9624300e-03   1.1879000e+00  -3.7503900e-03   1.2225100e+00
  -5.3554300e-01   2.7307500e-03  -1.0026500e-03  -6.7963000e-01   7.1108000e-03   6.4368500e-03   1.2212600e+00  -8.4649300e-04  -1.2250000e+00   9.4855000e-04   6.0852500e-04  -9.0909600e-01   6.5664500e-02   1.6861300e-03  -3.2610000e-01  -8.2338600e-02   2.8574800e-03   1.2396800e+00  -2.4073300e-03   1.2235000e+00
  -5.5283400e-01   2.6230400e-02  -6.1881100e-04  -6.5957900e-01  -9.9746500e-03   1.1593400e-02   1.2171100e+00  -3.2236900e-04  -1.2240300e+00   1.1669400e-03  -1.5498200e-04  -9.3832000e-01   7.4291200e-02   9.5333500e-04  -3.6317200e-01  -8.7039200e-02  -1.9291400e-04   1.2914800e+00  -9.8408900e-04   1.2242900e+00
  -5.6981100e-01   5.0161600e-02  -2.5506900e-04  -6.3834200e-01  -2.2476500e-02   1.6331200e-02   1.2120300e+00   3.2669200e-04  -1.2227600e+00   1.2029700e-03  -3.9078500e-04  -9.6754200e-01   8.4428000e-02   1.9840700e-04  -4.0463800e-01  -8.8093200e-02  -3.1743100e-03   1.3417500e+00   5.3968500e-04   1.2249900e+00
  -5.8683800e-01   6.1071600e-02   2.6345000e-05  -6.1657100e-01  -2.7040500e-02   2.0644200e-02   1.2068100e+00   7.7148000e-04  -1.2220300e+00   1.0851100e-03  -5.8184600e-04  -9.9112600e-01   9.4186400e-02  -4.2840100e-04  -4.5139800e-01  -8.6844000e-02  -5.2844600e-03   1.3942400e+00   1.7328300e-03   1.2250800e+00
  -6.0472100e-01   5.7352400e-02   1.5418700e-04  -5.9461500e-01  -2.4922900e-02   2.3989600e-02   1.2029000e+00   9.8800200e-04  -1.2219200e+00   1.1192800e-03  -1.0117200e-03  -9.8791100e-01   1.0122700e-01  -9.6049700e-04  -5.0231600e-01  -8.5665000e-02  -6.0872400e-03   1.4493200e+00   2.7637100e-03   1.2247000e+00
  -6.2382300e-01   4.4368200e-02   1.0158400e-04  -5.7273500e-01  -1.8829600e-02   2.5670100e-02   1.2009600e+00   8.4904100e-04  -1.2222200e+00   1.1024800e-03  -1.6171400e-03  -9.6682000e-01   1.0368600e-01  -1.4268200e-03  -5.5342900e-01  -8.5301100e-02  -6.0310200e-03   1.5019300e+00   3.6118400e-03   1.2241800e+00
  -6.4407600e-01   2.8691200e-02  -1.8444000e-04  -5.5199900e-01  -1.1271100e-02   2.5543800e-02   1.2015000e+00   2.9567800e-04  -1.2226500e+00   8.7767400e-04  -1.9563300e-03  -9.3971200e-01   1.0099800e-01  -1.6206800e-03  -6.0531700e-01  -8.5049400e-02  -5.4141500e-03   1.5525600e+00   3.8883100e-03   1.2237500e+00
  -6.6472500e-01   1.5327100e-02  -6.4394300e-04  -5.3235800e-01  -4.2676900e-03   2.3459200e-02   1.2035300e+00  -4.9184600e-04  -1.2230500e+00   6.8656500e-04  -2.1272500e-03  -9.1057800e-01   9.5109500e-02  -1.4997600e-03  -6.5676500e-01  -8.4827300e-02  -4.7261100e-03   1.5991300e+00   3.6869000e-03   1.2236600e+00
  -6.8468500e-01   4.8243200e-03  -8.5564900e-04  -5.0891700e-01   3.4637300e-03   1.9800600e-02   1.2021000e+00  -5.4837000e-04  -1.2234900e+00   8.6829900e-04  -2.0905800e-03  -8.7767600e-01   8.4396900e-02  -1.3951000e-03  -6.8922200e-01  -8.0306700e-02  -4.4052400e-03   1.6089900e+00   3.8243200e-03   1.2238800e+00
  -7.0172300e-01  -7.5299800e-04  -1.7586500e-03  -4.9350200e-01   9.5006000e-03   1.5711900e-02   1.2012200e+00  -3.1429100e-03  -1.2236500e+00  -1.9306700e-03  -1.1994000e-03  -8.4757900e-01   7.7667900e-02  -1.3985300e-04  -7.1722400e-01  -7.7942400e-02  -4.3812600e-03   1.5858900e+00   3.4617500e-04   1.2234000e+00
  -7.1737400e-01  -1.1227800e-02  -2.3109100e-03  -4.7541100e-01   1.8088200e-02   1.2907800e-02   1.1959600e+00  -3.0598500e-03  -1.2234800e+00  -1.1358600e-03   3.0486000e-04  -8.1794700e-01   6.4512900e-02   1.3960200e-03  -7.4524300e-01  -6.8597100e-02  -2.8832200e-03   1.5478700e+00  -1.5990500e-03   1.2239600e+00
  -7.3290300e-01  -2.1775500e-02  -1.1344300e-03  -4.4907900e-01   2.5807200e-02   1.0583200e-02   1.1852700e+00  -7.2649500e-05  -1.2236300e+00   1.6536100e-03   7.5540500e-04  -7.8939300e-01   5.2726000e-02   1.2667600e-03  -7.6699700e-01  -5.9221300e-02  -1.1877800e-03   1.4984400e+00  -4.7543300e-04   1.2239100e+00
  -7.5118000e-01  -3.0130000e-02   1.0104400e-03  -4.1516500e-01   3.3711400e-02   7.7103500e-03   1.1736100e+00   3.6535100e-03  -1.2233500e+00   3.6021300e-03   1.5483000e-04  -7.6225200e-01   4.1149900e-02  -4.1971100e-04  -7.7913100e-01  -4.8003000e-02   3.4948000e-04   1.4469500e+00   2.6073500e-03   1.2237200e+00
  -7.7181100e-01  -3.5530900e-02   1.9503700e-03  -3.8438000e-01   4.1924200e-02   3.8239100e-03   1.1671500e+00   4.1606800e-03  -1.2228500e+00   2.0269700e-03  -5.6251800e-04  -7.3421100e-01   3.1198100e-02  -1.5493600e-03  -7.8713000e-01  -3.6057200e-02   9.5886200e-04   1.3956600e+00   3.5577700e-03   1.2236000e+00
  -7.9185900e-01  -4.4153800e-02   1.2804500e-03  -3.5974800e-01   5.0310600e-02   1.3039900e-03   1.1638300e+00   2.0700000e-03  -1.2229700e+00  -6.3032800e-04   7.3547400e-04  -6.6814000e-01   1.8391200e-02  -8.8615700e-04  -7.8779700e-01  -2.8365900e-02  -2.9978000e-03   1.3501900e+00   9.7164300e-04   1.2234900e+00
  -8.0784500e-01  -5.1800000e-02  -3.5289900e-04  -3.4395700e-01   5.6520400e-02   3.1231300e-03   1.1604300e+00  -1.0185900e-03  -1.2236900e+00  -2.8945000e-03   3.0471700e-03  -6.1425800e-01   2.2983300e-03   1.9495900e-03  -7.7263200e-01  -2.4818700e-02  -1.1492100e-02   1.3173800e+00  -4.5974300e-03   1.2234000e+00
  -8.2008600e-01  -5.7387200e-02  -1.1095000e-03  -3.1858600e-01   5.8823000e-02   5.9542800e-03   1.1462400e+00   2.5325500e-04  -1.2248800e+00   8.8646200e-04   2.3546100e-03  -5.6869400e-01  -1.7075300e-04   3.4047200e-03  -7.4957600e-01  -2.3618300e-02  -1.0264100e-02   1.2862800e+00  -4.2478400e-03   1.2233800e+00
  -8.3315600e-01  -6.1811800e-02   4.9157000e-05  -2.8724900e-01   6.1105500e-02   6.4306600e-03   1.1302500e+00   1.4290500e-03  -1.2239100e+00   2.4253200e-03   5.4686300e-05  -5.2515900e-01  -3.4536900e-03   1.6890000e-03  -7.1964900e-01  -2.1938400e-02  -7.6997700e-03   1.2568500e+00  -1.4804200e-03   1.2233200e+00
  -8.5919500e-01  -6.5634300e-02  -5.8943300e-04  -2.8278800e-01   6.8037600e-02   3.9886900e-03   1.1427500e+00  -1.9576200e-03  -1.2237400e+00  -5.2966400e-04  -8.8521600e-04  -5.4527300e-01  -9.3690500e-03   1.3643800e-03  -7.0883700e-01  -1.4245700e-02  -6.7951300e-03   1.2600400e+00  -2.8788100e-03   1.2243500e+00
  -8.8246400e-01  -7.0770600e-02  -1.8902600e-03  -3.0262900e-01   7.6780900e-02   1.4342800e-03   1.1847800e+00  -4.0937900e-03  -1.2238500e+00  -6.7905900e-04  -1.2758400e-03  -5.5491300e-01  -1.6192700e-02   1.6743500e-03  -6.9436900e-01  -3.1575000e-03  -6.9087400e-03   1.2514900e+00  -3.1642700e-03   1.2244700e+00
